11 304 982
39 683 234
139 920 393
150 000 000
153 349 111
053 394 111
3 394 234
89 909 98
15 056 666
818 511 123
680 120 545
858 861 901
37 436 198
062 010 268
151 856 414
363 43 904
69 017 308
992 224 111
975 355 510
973 57 98
664 709 30
74 042 446
864 176 581
300 320 572
305 369 814
998 526 614
540 237 775
117 621 196
357 758 232
569 626 697
946 311 441
519 315 741
845 59 602
168 146 390
226 336 727
725 698 239
517 72 699
610 382 230
964 488 7
231 378 339
10 117 900
963 616 83
471 69 202
527 979 719
172 388 224
653 174 740
11 936 340
950 806 647
602 732 524
902 647 243
754 234 812
55 322 673
429 584 728
122 65 110
48 190 340
820 842 51
418 928 811
367 517 134
183 907 950
347 198 40
850 343 185
590 54 800
849 165 897
465 660 279
548 557 157
272 79 2
82 182 675
114 479 584
306 395 96
996 963 668
81 999 155
239 556 47
900 491 409
728 887 927
934 346 930
894 485 748
245 779 269
308 402 610
320 669 890
562 244 345
898 958 489
477 770 470
110 333 459
618 53 392
37 893 11
40 305 595
542 12 476
69 903 919
472 380 23
639 138 238
567 801 633
189 844 574
287 200 894
86 194 564
639 86 311
537 797 190
532 387 173
35 068 371
8 227 837